000000000
101110000
000011110
100100000
101110001
110000001
101110001
000011111
100100000
101110010
110000010
101110010
000000100
100010010
101110011
101100011
101010010
101110100
000001111
100110100
101110100
000000010
100010100
101110011
101100100
101010011
101110100
000000011
100110100
101110100
000000001
100010100
101110011
101100100
101010011
101110100
000000001
100110100
101110100
101100100
101110101
000000100
100010001
101110011
000000100
100010010
101110100
101100100
101010011
101110100
000000010
100010100
101110011
101100100
101010011
101110100
000000011
100110100
101110100
000000001
100010100
101110011
101100100
101010011
101110100
000000001
100110100
101110100
000000001
100000100
101110100
101100100
100100101
101110101
011001100
100110001
101110011
011001100
100110010
101110100
101100100
101010011
101110100
000000100
100010100
101110011
101100100
101010011
101110100
000001100
100110100
101110100
000000010
100010100
101110100
000000001
100010100
101110011
101100100
101010011
101110100
000000001
100110100
101110100
000000010
100000100
101110100
101100100
100100101
101110101
010101010
100110001
101110011
010101010
100110010
101110100
101100100
101010011
101110100
000000100
100010100
101110011
101100100
101010011
101110100
000001111
100110100
101110100
000000010
100010100
101110011
101100100
101010011
101110100
000000010
100110100
101110100
000000010
100000100
101110100
101100100
100100101
101110101
101100001
101110011
101100010
101110100
101100100
101010011
101110100
000000100
100010100
101110011
101100100
101010011
101110100
000001111
100110100
101110100
000000010
100010100
101110011
101100100
101010011
101110100
000000011
100110100
101110100
000000001
100010100
101110011
101100100
101010011
101110100
000000001
100110100
101110100
000000100
100000100
101110100
101100100
100100101
101110101
000000011
100010001
101110011
000000001
100110011
101110011
000000100
100010001
101110100
000001110
100110100
101110100
101100100
101000011
101110011
000000011
100000010
101110100
011110000
100110100
101110100
101100100
101000011
101110001
000000101
100010010
101110010
000000000
110100101
111000011
000000100
100010101
101110011
000000001
110100011
111000100
010000000
100100010
101110010
110110101
001000000
100100010
101110010
000011100
110100101
111000010
110110111
000011010
110100101
111000010
110110111
000010110
110100101
111000010
110110111
000011110
110100101
111000010
110110111
000011001
110100101
111000010
110110111
000010101
110100101
111000010
110110111
000011101
110100101
111000010
110110111
000010011
110100101
111000010
110110111
000011011
110100101
111000010
110110111
000010111
110100101
111000010
110110111
000011111
110100101
111000010
110111101
000000001
101010001
101110001
110111101
000000010
101010001
101110001
110111101
000000100
101010001
101110001
110111101
000001000
101010001
101110001
110111101
000010000
101010001
101110001
110111101
000100000
101010001
101110001
110111101
001000000
101010001
101110001
110111101
010000000
101010001
101110001
110111101
000000001
101010010
101110010
110111101
000000010
101010010
101110010
110111101
000000100
101010010
101110010
101100001
110010000
000000001
100100000
101110110
101100010
110010110
000000010
100100000
101110000
000011110
110100000
111010110
111100000
