000000000
101110000
000000000
101110001
000000000
101110010
000100000
101110011
110000011
101111000
000000000
101110011
000000000
101110100
000000000
101110101
000000000
101110110
110000011
101110111
101100110
100000111
101110111
011111000
100110111
110101000
111011011
000000001
100100000
101110000
000000001
100100010
101110010
000000001
101110101
000000001
100100110
101110110
000000100
110100110
111011100
000000000
110100101
111001101
000000001
100100001
101110001
110000011
101110111
000000001
100100011
101110011
110000011
101111001
000000001
100100100
101110100
000100000
110100100
111001110
000000001
100010111
101111010
001111000
100111010
101111010
000000111
100001001
101001010
110101000
111011101
000000001
100100010
101110010
000000010
100010111
101111010
000111000
100111010
101111010
000000110
100001001
101001010
110101000
111011101
000000001
100100010
101110010
000000011
100010111
101111010
000011000
100111010
101111010
000000101
100001001
101001010
110101000
111011101
000000001
100100010
101110010
000000100
100010111
101111010
000001000
100111010
101111010
000000100
100001001
101001010
110101000
111011101
000000001
100100010
101110010
110111111
000100001
101111110
101100000
110011110
000100010
101111110
101100001
110011110
000100011
101111110
101100010
110011110
111100000
