000000000
101110000
000001111
110100000
111000000
000000001
100000000
101110011
110000011
101110001
000000001
100100011
101110010
110000010
101110010
000000111
100110010
101110100
000000010
100010100
101010100
101110100
000000011
100110100
101110100
000000001
100110100
101111110
000000001
100010100
101010100
101110100
000000001
100110100
101110100
011110000
100110001
101110101
000000011
100000101
101010101
101110101
011100000
100110101
101110101
000000010
100000101
101010101
101110101
011000000
100110101
101110101
000000001
100000101
101010101
101110101
010000000
100110101
101110101
000000111
100010101
101111101
000000111
100010101
101010100
101110101
010000000
100110001
101110110
000000111
100010110
101010100
101110110
000001000
100110001
101110111
000000011
100010111
101010110
101110110
000000100
100110001
101110111
000000010
100010111
101010110
101110110
000000010
100110001
101110111
000000001
100010111
101010110
101110110
000000110
100110010
101110111
000000001
100010111
101110111
000000001
100010111
101010111
101110111
000000001
100110111
101110111
001000000
100110001
101111000
000000110
100011000
101010111
101110111
000100000
100110001
101111000
000000101
100011000
101010111
101110111
000001000
100110001
101111000
000000011
100011000
101010111
101110111
000000100
100110001
101111000
000000010
100011000
101010111
101110111
000000001
100110001
101111000
101010111
101110111
001000000
100110001
101111000
000000110
100011000
101011110
101111000
000010000
100110001
101111001
000000100
100011001
101011000
101111000
000001000
100110001
101111001
000000011
100011001
101011000
101111000
000000010
100110001
101111001
000000001
100011001
101011000
101111000
000000001
100110001
101111001
101011000
101111000
000001111
100110001
101111001
000000011
100011001
101011001
101111001
000000111
100111001
101111001
000000010
100011001
101011001
101111001
000000011
100111001
101111001
000000001
100011001
101011001
101111001
000000001
100111001
101111001
101101101
101011001
101111001
101100100
101011001
101111001
101100101
101011001
101111001
101100110
101011001
101111001
101100111
101011001
101111001
101101000
101011001
101111001
000000101
100000010
101111010
000000011
100010001
101111011
000011110
100111011
101111011
101101010
101001011
101111011
101100101
101001011
101111010
000000100
100000001
101111011
011100000
100111011
101111011
000000100
100000110
101111100
101101011
101001100
101111011
000000011
100000001
101111100
000001000
100111100
101111100
101101011
101001100
101111011
000000010
100000111
101111100
101101011
101001100
101111011
000000001
100001000
101111100
101101011
101001100
101111011
101101001
101001011
101111011
000011110
100100011
101111100
101101011
110011100
000011111
100100011
101111101
101101010
110011101
000000001
100100000
101110000
110110001
111100000
